0
0.0005904194595267208
0.0011948755314104668
0.0018137019216009354
0.002447240269561838
0.003095840336882001
0.003759860200370484
0.004439666449742359
0.005135634390004242
0.00584814824865134
0.0065776013877904
0.007324396521305656
0.008088945937187673
0.008871671725147818
0.009673006009644056
0.010493391188446659
0.011333280176875614
0.012193136657844463
0.01307343533784874
0.013974662209040218
0.014897314817531732
0.015841902538080654
0.01680894685530268
0.017798981651571243
0.01881255350176132
0.019850221975000554
0.020912559943594235
0.022000153899294522
0.02311360427708877
0.024253525786685486
0.02542054775188113
0.02661531445799488
0.027838485507563463
0.02909073618449203
0.030372757826862606
0.03168525820860553
0.0330289619302447
0.03440461081893249
0.035812964337995044
0.03725480000621402
0.03873091382707644
0.04024212072822945
0.04178925501138262
0.04337317081290629
0.044994742575380074
0.046654865530352176
0.04835445619257535
0.050094452865993296
0.05187581616175611
0.053699529528550914
0.05556659979554097
0.05747805772821208
0.05943495859743407
0.06143838276205081
0.06348943626532108
0.06558925144553877
0.06773898756117033
0.0699398314308539
0.07219299808861399
0.07449973145465315
0.0768613050220909
0.0792790225600294
0.08175421883333345
0.0842882603395229
0.08688254606318371
0.08953850824831402
0.09225761318903282
0.09504136203908606
0.09789129164059832
0.10080897537252714
0.10379602401928838
0.10685408666003242
0.10998485157906188
0.11319004719789348
0.11647144302947895
0.11983085065511141
0.1232701247245566
0.12679116397996137
0.1303959123041045
0.1340863597935685
0.137864543857425
0.1417325503420404
0.14569251468262234
0.14974662308214323
0.15389711371829137
0.158146277979116
0.16249646172804894
0.16695006659899994
0.17150955132224255
0.1761774330818216
0.18095628890523005
0.18584875708612597
0.19085753864087193
0.19598539879970284
0.20123516853334375
0.20660974611592295
0.21211209872504003
0.21774526407987463
0.2235123521182403
0.22941654671350753
0.2353207413087736
0.24117974297784406
0.24699389764437354
0.2527635485841878
0.2584890364455506
0.26417069926927556
0.26980887250868474
0.2754038890494144
0.280956079229069
0.2864657708567246
0.2919332892322833
0.2973589571656794
0.3027430949959386
0.30808602061009105
0.3133880494619402
0.3186494945906875
0.3238706666394143
0.32905187387342316
0.334193422198438
0.33929561517866536
0.34435875405471705
0.349383137761396
0.3543690629453457
0.3593168239825648
0.3642267129957869
0.3690990198717288
0.373934032278205
0.3787320356811126
0.38349331336128517
0.3882181464312183
0.39290681385166687
0.39755959244811523
0.40217675692712096
0.40675857989253483
0.411305331861595
0.4158172812808989
0.4202946945422527
0.42473783599839965
0.4291469679786275
0.4335223508042571
0.4378642428040119
0.44217290032927015
0.44644857776920016
0.4506915275657801
0.4549020002287021
0.4590802443501627
0.4632265066195408
0.4673410318379616
0.47142406293275024
0.4754758409717751
0.47949660517768045
0.48348659294201035
0.4874460398392245
0.49137517964060723
0.49527424432806966
0.4991434641078458
0.5029830674240852
0.506793280972339
0.5105743297129461
0.5143264368843139
0.5180498240160994
0.5217447109422882
0.5254113158141738
0.5290498551132377
0.5326605436639302
0.5362435946463555
0.5397992196088564
0.5433276284805049
0.5468290295834977
0.5503036296454542
0.5537516338116237
0.557173245656996
0.5605686671983214
0.5639380989060381
0.5672817397161083
0.5705997870417634
0.5738924367851596
0.5771598833489445
0.5804023196477345
0.5836199371195052
0.5868129257368935
0.5899814740184149
0.5931257690395928
0.5962459964440043
0.5993423404542411
0.602414983882785
0.6054641081428032
0.6084898932588578
0.6114925178775356
0.6144721592779945
0.6174289933824317
0.6203631947664697
0.6232749366694633
0.6261643910047281
0.6290317283696907
0.6318771180559608
0.634700728059326
0.6375027250896715
0.6402832745808222
0.6430425407003101
0.6457806863590674
0.6484978732210448
0.651194261712756
0.65387001103275
0.65652527916101
0.6591602228682816
0.6617749977253273
0.6643697581121132
0.6669446572269226
0.6694998470954019
0.6720354785795357
0.6745517013865542
0.6770486640777726
0.6795265140773615
0.6819853976810514
0.6844254600647706
0.6868468452932159
0.689249696328359
0.6916341550378866
0.6940003622035767
0.6963484575296115
0.6986785796508237
0.7009908661408837
0.7032854535204205
0.7055624772650835
0.7078220718135404
0.7100643705754144
0.712289505939162
0.7144976092798874
0.7166888109671017
0.7188632403724179
0.7210210258771905
0.7231622948800944
0.7252871738046474
0.7273957881066739
0.7294882622817127
0.7315647198723663
0.7336252834755961
0.7356700747499603
0.7376992144227958
0.7397128222973486
0.7417110172598445
0.7436939172865096
0.7456616394505358
0.7476142999289925
0.7495520140096865
0.7514748960979678
0.7533830597234854
0.7552766175468892
0.7571556813664826
0.7590203621248222
0.7608707699152686
0.7627070139884868
0.7645292027588961
0.7663374438110706
0.7681318439060922
0.7699125089878527
0.7716795441893096
0.773433053838694
0.7751731414656684
0.776899909807441
0.7786134608148305
0.7803138956582856
0.7820013147338587
0.7836758176691327
0.7853375033291039
0.7869864698220181
0.7886228145051641
0.7902466339906216
0.7918580241509647
0.793457080124923
0.7950438963229984
0.7966185664330392
0.7981811834257717
0.7997318395602895
0.8012706263895002
0.802797634765531
0.8043129548450931
0.8058166760948036
0.8073088872964689
0.8087896765523264
0.8102591312902454
0.8117173382688894
0.8131643835828386
0.8146003526676726
0.8160253303050156
0.8174394006275407
0.8188426471239383
0.8202351526438445
0.8216169994027336
0.8229882689867716
0.8243490423576332
0.8256993998572819
0.8270394212127137
0.8283691855406643
0.8296887713522798
0.8309982565577532
0.8322977184709228
0.8335872338138381
0.834866878721289
0.836136728745301
0.8373968588595964
0.8386473434640198
0.839888256388932
0.8411196708995683
0.8423416597003639
0.8435542949392478
0.8447576482119006
0.8459517905659832
0.8471367925053308
0.848312723994116
0.8494796544609788
0.8506376528031268
0.8517867873904024
0.852927126069319
0.8540587361670675
0.8551816844954918
0.8562960373550319
0.8574018605386398
0.8584992193356635
0.8595881785357014
0.8606688024324285
0.861741154827391
0.8628052990337751
0.8638612978801434
0.8649092137141454
0.8659491084061977
0.866981043353138
0.8680050794818492
0.8690212772528572
0.8700296966638998
0.8710303972534705
0.8720234381043315
0.8730088778470042
0.8739867746632297
0.8749571862894043
0.8759201700199879
0.8768757827108873
0.8778240807828128
0.878765120224609
0.8796989565965616
0.8806256450336762
0.8815452402489348
0.8824577965365252
0.8833633677750476
0.8842620074306948
0.8851537685604094
0.8860387038150159
0.8869168654423301
0.8877883052902429
0.8886530748097823
0.8895112250581503
0.8903628067017384
0.8912078700191182
0.8920464649040103
0.8928786408682301
0.8937044470446105
0.8945239321899037
0.895337144687659
0.8961441325510802
0.8969449434258596
0.8977396245929916
0.8985282229715648
0.8993107851215298
0.9000873572464514
0.9008579851962342
0.9016227144698303
0.9023815902179262
0.9031346572456078
0.9038819600150059
0.9046235426479214
0.9053594489284307
0.9060897223054698
0.9068144058954011
0.9075335424845574
0.9082471745317691
0.9089553441708704
0.9096580932131879
0.9103554631500084
0.9110474951550278
0.911734230086785
0.9124157084910705
0.9130919706033227
0.9137630563510031
0.9144290053559527
0.9150898569367332
0.9157456501109458
0.9163964235975375
0.9170422158190852
0.917683064904065
0.9183190086891038
0.918950084721212
0.919576330260002
0.9201977822798861
0.9208144774722611
0.9214264522476743
0.9220337427379721
0.9226363847984349
0.9232344140098934
0.9238278656808285
0.9244167748494572
0.925001176285801
0.9255811044937383
0.9261565937130414
0.9267276779213993
0.9272943908364226
0.9278567659176349
0.9284148363684472
0.9289686351381203
0.9295181949237081
0.9300635481719892
0.9306047270813826
0.9311417636038479
0.9316746894467731
0.9322035360748451
0.9327283347119091
0.9332491163428107
0.9337659117152262
0.934278751341477
0.9347876655003324
0.9352926842387965
0.9357938373738819
0.9362911544943708
0.9367846649625622
0.9372743979160041
0.9377603822692155
0.9382426467153926
0.938721219728103
0.9391961295629665
0.9396674042593247
0.9401350716418948
0.9405991593224137
0.9410596947012666
0.9415167049691073
0.941970217108461
0.9424202578953191
0.9428668539007192
0.9433100314923146
0.9437498168359297
0.9441862358971069
0.9446193144426382
0.9450490780420866
0.9454755520692966
0.945898761703891
0.9463187319327591
0.9467354875515304
0.9471490531660403
0.9475594531937805
0.9479667118653434
0.9483708532258508
0.9487719011363736
0.9491698792753418
0.9495648111399415
0.9499567200475025
0.950345629136875
0.9507315613697958
0.9511145395322438
0.9514945862357855
0.9518717239189101
0.952245974848354
0.9526173611204158
0.9529859046622604
0.9533516272332141
0.9537145504260494
0.9540746956682591
0.9544320842233223
0.9547867371919594
0.9551386755133775
0.9554879199665081
0.9558344911712318
0.9561784095895973
0.9565196955270296
0.956858369133528
0.9571944504048555
0.9575279591837209
0.9578589151609493
0.9581873378766441
0.9585132467213426
0.9588366609371584
0.9591575996189194
0.9594760817152945
0.9597921260299123
0.9601057512224711
0.9604169758098415
0.9607258181671579
0.9610322965289055
0.9613364289899955
0.9616382335068341
0.9619377278983821
0.962234929847207
0.9625298569005283
0.9628225264712515
0.9631129558389977
0.9634011621511229
0.9636871624237311
0.9639709735426785
0.9642526122645707
0.9645320952177519
0.9648094389032864
0.9650846596959337
0.9653577738451145
0.9656287974758699
0.9658977465898146
0.9661646370660804
0.9664294846622543
0.9666923050153093
0.9669531136425262
0.9672119259424119
0.9674687571956062
0.9677236225657859
0.9679765371005586
0.9682275157323528
0.9684765732792977
0.9687237244460993
0.9689689838249085
0.9692123658961822
0.9694538850295382
0.969693555484604
0.9699313914118588
0.9701674068534683
0.9704016157441142
0.9706340319118176
0.9708646690787539
0.9710935408620642
0.9713206607746585
0.9715460422260147
0.9717696985229685
0.9719916428705009
0.9722118883725166
0.9724304480326182
0.9726473347548739
0.9728625613445792
0.9730761405090125
0.9732880848581875
0.9734984069055943
0.9737071190689413
0.9739142336708861
0.9741197629397653
0.974323719010314
0.9745261139243839
0.9747269596316541
0.9749262679903361
0.9751240507678742
0.9753203196416402
0.9755150861996233
0.9757083619411133
0.9759001582773805
0.976090486532349
0.9762793579432651
0.9764667836613612
0.976652774752514
0.9768373421978975
0.9770204968946323
0.9772022496564274
0.9773826112142208
0.9775615922168106
0.977739203231486
0.9779154547446496
0.9780903571624371
0.9782639208113326
0.9784361559387762
0.978607072713771
0.9787766812274825
0.9789449914938346
0.979112013450101
0.9792777569574915
0.9794422318017348
0.9796054476936558
0.9797674142697492
0.9799281410927481
0.980087637652189
0.9802459133649719
0.9804029775759164
0.9805588395583134
0.980713508514472
0.9808669935762642
0.9810193038056625
0.9811704481952761
0.9813204356688812
0.9814692750819478
0.9816169752221635
0.9817635448099511
0.9819089924989839
0.9820533268766971
0.9821965564647943
0.982338689719751
0.982479735033313
0.9826197007329933
0.9827585950825624
0.982896426282537
0.9830332024706643
0.9831689317224015
0.9833036220513935
0.9834372814099459
0.9835699176894943
0.9837015387210699
0.9838321522757629
0.9839617660651803
0.9840903877419014
0.9842180248999297
0.9843446850751421
0.9844703757457323
0.9845951043326531
0.9847188782000553
0.9848417046557207
0.9849635909514955
0.9850845442837171
0.9852045717936391
0.9853236805678536
0.9854418776387097
0.9855591699847275
0.9856755645310114
0.9857910681496582
0.9859056876601631
0.9860194298298222
0.9861323013741328
0.9862443089571882
0.9863554591920733
0.9864657586412533
0.9865752138169619
0.9866838311815858
0.9867916171480464
0.9868985780801776
0.9870047202931029
0.9871100500536067
0.9872145735805058
0.987318297045015
0.9874212265711131
0.9875233682359033
0.9876247280699721
0.987725312057746
0.9878251261378448
0.987924176203431
0.9880224681025591
0.9881200076385206
0.9882168005701859
0.9883128526123452
0.9884081694360454
0.9885027566689253
0.9885966198955469
0.9886897646577273
0.9887821964548629
0.9888739207442567
0.9889649429414387
0.9890552684204872
0.9891449025143444
0.989233850515133
0.9893221176744671
0.9894097092037635
0.9894966302745487
0.9895828860187641
0.9896684815290697
0.9897534218591442
0.9898377120239832
0.9899213570001961
0.9900043617262997
0.9900867311030086
0.9901684699935263
0.9902495832238312
0.9903300755829623
0.9904099518233005
0.990489216660851
0.9905678747755209
0.9906459308113951
0.9907233893770111
0.9908002550456312
0.9908765323555122
0.9909522258101726
0.9910273398786604
0.991101878995815
0.9911758475625301
0.9912492499460137
0.991322090480045
0.9913943734652311
0.9914661031692606
0.9915372838271554
0.9916079196415213
0.9916780147827955
0.9917475733894934
0.9918165995684523
0.9918850973950741
0.9919530709135669
0.992020524137182
0.9920874610484522
0.9921538855994263
0.9922198017119026
0.992285213277661
0.9923501241586916
0.9924145381874234
0.9924784591669513
0.9925418908712589
0.992604837045443
0.9926673014059337
0.9927292876407143
0.9927907994095388
0.9928518403441482
0.9929124140484844
0.992972524098904
0.9930321740443881
0.9930913674067532
0.9931501076808582
0.9932083983348108
0.9932662428101733
0.993323644522164
0.9933806068598605
0.9934371331863989
0.9934932268391723
0.9935488911300288
0.9936041293454658
0.9936589447468249
0.9937133405704843
0.9937673200280492
0.9938208863065425
0.9938740425685921
0.9939267919526182
0.9939791375730178
0.9940310825203504
0.9940826298615175
0.994133782639947
0.9941845438757699
0.9942349165660009
0.9942849036847141
0.9943345081832187
0.9943837329902339
0.9944325810120611
0.9944810551327559
0.9945291582142981
0.9945768930967611
0.9946242625984789
0.9946712695162134
0.9947179166253186
0.9947642066799052
0.9948101424130029
0.9948557265367213
0.9949009617424114
0.9949458507008224
0.9949903960622615
0.9950346004567492
0.9950784664941748
0.9951219967644502
0.995165193837664
0.9952080602642315
0.9952505985750464
0.9952928112816304
0.9953347008762807
0.9953762698322175
0.9954175206037297
0.9954584556263213
0.9954990773168528
0.9955393880736858
0.9955793902768237
0.995619086288053
0.9956584784510811
0.9956975690916765
0.9957363605178058
0.9957748550197687
0.9958130548703343
0.9958509623248757
0.9958885796215016
0.99592590898119
0.9959629526079188
0.995999712688795
0.9960361913941855
0.9960723908778439
0.996108313277039
0.9961439607126787
0.9961793352894379
0.9962144390958811
0.9962492742045861
0.9962838426722664
0.9963181465398927
0.9963521878328132
0.996385968560874
0.9964194907185357
0.9964527562849943
0.9964857672242946
0.9965185254854492
0.9965510330025511
0.9965832916948902
0.9966153034670648
0.9966470702090942
0.9966785937965315
0.9967098760905737
0.9967409189381706
0.9967717241721363
0.9968022936112542
0.9968326290603866
0.9968627323105814
0.9968926051391762
0.996922249309905
0.9969516665730007
0.9969808586653
0.9970098273103445
0.997038574218484
0.9970671010869758
0.9970954096000864
0.9971235014291897
0.9971513782328667
0.997179041657003
0.9972064933348861
0.9972337348873008
0.9972607679226271
0.997287594036933
0.9973142148140699
0.9973406318257654
0.9973668466317172
0.9973928607796838
0.9974186758055772
0.9974442932335525
0.9974697145760987
0.997494941334127
0.9975199749970607
0.9975448170429224
0.9975694689384214
0.9975939321390395
0.9976182080891187
0.9976422982219451
0.9976662039598336
0.9976899267142127
0.9977134678857067
0.9977368288642197
0.9977600110290163
0.9977830157488037
0.9978058443818132
0.9978284982758792
0.9978509787685188
0.9978732871870122
0.9978954248484795
0.9979173930599592
0.9979391931184851
0.9979608263111637
0.9979822939152483
0.9980035971982166
0.9980247374178444
0.9980457158222793
0.9980665336501162
0.9980871921304684
0.9981076924830419
0.9981280359182056
0.9981482236370649
0.9981682568315307
0.998188136684391
0.9982078643693799
0.9982274410512477
0.9982468678858292
0.9982661460201114
0.9982852765923029
0.9983042607318993
0.9983230995597505
0.9983417941881274
0.998360345720787
0.9983787552530379
0.9983970238718045
0.9984151526556915
0.9984331426750479
0.9984509949920295
0.9984687106606622
0.9984862907269034
0.9985037362287053
0.9985210481960745
0.9985382276511341
0.9985552756081826
0.9985721930737557
0.9985889810466841
0.9986056405181531
0.9986221724717614
0.9986385778835785
0.9986548577222027
0.9986710129488192
0.9986870445172544
0.9987029533740346
0.9987187404584414
0.9987344067025661
0.9987499530313655
0.9987653803627168
0.9987806896074714
0.9987958816695082
0.9988109574457877
0.9988259178264054
0.9988407636946426
0.9988554959270204
0.9988701153933501
0.9988846229567858
0.9988990194738743
0.9989133057946058
0.9989274827624648
0.9989415512144797
0.9989555119812707
0.9989693658871022
0.9989831137499272
0.9989967563814393
0.9990102945871182
0.9990237291662785
0.9990370609121169
0.9990502906117582
0.9990634190463021
0.9990764469908702
0.9990893752146504
0.9991022044809428
0.9991149355472055
0.9991275691650987
0.9991401060805283
0.9991525470336919
0.9991648927591203
0.9991771439857229
0.9991893014368287
0.9992013658302312
0.9992133378782286
0.9992252182876675
0.9992370077599841
0.999248706991245
0.9992603166721894
0.999271837488269
0.9992832701196892
0.9992946152414484
0.999305873523378
0.9993170456301832
0.9993281322214809
0.9993391339518385
0.999350051470814
0.9993608854229927
0.9993716364480267
0.999382305180671
0.9993928922508228
0.9994033982835575
0.9994138238991661
0.9994241697131914
0.9994344363364647
0.9994446243751418
0.999454734430739
0.9994647671001677
0.999474722975771
0.9994846026453577
0.9994944066922373
0.9995041356952545
0.9995137902288231
0.9995233708629607
0.9995328781633206
0.9995423126912277
0.9995516750037097
0.9995609656535303
0.9995701851892227
0.9995793341551213
0.9995884130913935
0.9995974225340725
0.9996063630150887
0.9996152350623002
0.9996240391995255
0.9996327759465728
0.999641445819272
0.9996500493295044
0.9996585869852337
0.9996670592905346
0.999675466745624
0.9996838098468896
0.9996920890869205
0.9997003049545339
0.9997084579348061
0.9997165485091011
0.9997245771550969
0.9997325443468166
0.9997404505546541
0.9997482962454032
0.9997560818822839
0.9997638079249718
0.9997714748296229
0.999779083048902
0.9997866330320091
0.9997941252247053
0.9998015600693411
0.9998089380048794
0.9998162594669238
0.9998235248877438
0.9998307346963002
0.9998378893182702
0.9998449891760726
0.9998520346888926
0.9998590262727076
0.9998659643403103
0.999872849301334
0.9998796815622764
0.9998864615265235
0.9998931895943741
0.9998998661630627
0.9999064916267835
0.9999130663767126
0.9999195908010332
0.9999260652849558
0.9999324902107429
0.9999388659577317
0.9999451929023548
0.9999514714181641
0.9999577018758519
0.9999638846432728
0.9999700200854664
0.9999761085646777
0.9999821504403792
0.9999881460692914
0.9999940958054048
1.